1126088 1727428125
1501527 1727428151
1461372 1727428175
883034 1727428196
137454 1727428209
1093087 1727428229
1422568 1727428244
282631 1727428265
1277112 1727428280
307971 1727428296
419038 1727428308
366774 1727428319
106675 1727428339
736275 1727428362
981736 1727428378
409987 1727428400
772771 1727428427
1369690 1727428440
205557 1727428464
211629 1727428477
787788 1727428491
167895 1727428501
707253 1727428515
755108 1727428535
598884 1727428555
1013730 1727428573
1334014 1727428586
1475528 1727428605
574602 1727428634
1360591 1727428656
690658 1727428667
831745 1727428687
1472701 1727428699
330246 1727428714
349376 1727428727
579811 1727428745
293925 1727428759
272922 1727428772
769963 1727428794
363769 1727428806
1342295 1727428880
400830 1727428904
490855 1727428917
427977 1727428930
1315932 1727428954
1260215 1727428980
1455058 1727428997
1471386 1727429012
599654 1727429029
65743 1727429037
331963 1727429117
49840 1727429131
210562 1727429146
1163990 1727429170
484651 1727429192
1417583 1727429223
794668 1727429244
704536 1727429253
1085262 1727429268
143004 1727429277
1330302 1727429292
1431144 1727429312
1299146 1727429325
139101 1727429339
639020 1727429355
442905 1727429370
1455410 1727429383
298513 1727429400
179083 1727429417
381871 1727429447
710135 1727429453
378200 1727429465
606795 1727429484
401374 1727429500
117615 1727429511
1411542 1727429524
1252396 1727429549
879520 1727429571
531477 1727429584
205316 1727429595
318764 1727429611
1072683 1727429637
155987 1727429646
537075 1727429669
1486644 1727429681
396766 1727429695
1430107 1727429716
411841 1727429755
628270 1727429776
1223196 1727429799
1299201 1727429811
387876 1727429827
255937 1727429838
78040 1727429845
861270 1727429866
448002 1727429881
112494 1727429892
350000 1727429913
1316666 1727429927
988276 1727429939
45809 1727429946
1347101 1727429957
137293 1727429968
114926 1727429978
353086 1727430003
1221692 1727430015
635519 1727430029
432970 1727430048
985207 1727430069
413759 1727430083
417509 1727430094
1251139 1727430118
200876 1727430130
1066179 1727430153
321705 1727430165
974379 1727430199
484914 1727430223
63211 1727430231
368989 1727430247
742193 1727430262
1383334 1727430280
1330206 1727430301
1225943 1727430317
305750 1727430332
73151 1727430338
123520 1727430358
45848 1727430364
1135547 1727430379
1413184 1727430398
207309 1727430412
94508 1727430424
547543 1727430445
397252 1727430461
115316 1727430478
596721 1727430502
778120 1727430523
369962 1727430540
289831 1727430551
1252068 1727430571
793747 1727430589
137291 1727430602
632573 1727430623
1305471 1727430633
631920 1727430654
74709 1727430661
1194199 1727430685
62538 1727430692
201850 1727430705
131090 1727430716
171585 1727430725
472532 1727430743
1472834 1727430769
105526 1727430783
1024023 1727430804
1411931 1727430828
1212476 1727430841
99362 1727430857
310070 1727430869
314702 1727430895
1362767 1727430912
812638 1727430925
1477519 1727430951
307518 1727430968
541254 1727430993
249087 1727431013
869623 1727431035
868245 1727431057
250625 1727431074
721220 1727431091
188541 1727431230
138931 1727431241
658632 1727431264
1000604 1727431280
1282411 1727431295
496932 1727431309
555398 1727431322
614482 1727431340
435904 1727431355
1499461 1727431373
677691 1727431392
1312576 1727431415
1353945 1727431432
436931 1727431445
323597 1727431458
1502732 1727431480
174795 1727431502
259662 1727431518
42969 1727431524
125880 1727431535
221316 1727431546
1104566 1727431558
406854 1727431571
250192 1727431594
1065139 1727431618
74221 1727431634
271321 1727431644
600361 1727431675
570432 1727431687
152364 1727431698
703236 1727431717
1387623 1727431747
1050827 1727431762
1279788 1727431780
1060740 1727431795
51150 1727431802
234054 1727431818
397743 1727431835
846076 1727431857
1314666 1727431877
1487535 1727431906
1025052 1727431923
689069 1727431939
315968 1727431954
1413163 1727431980
106089 1727432002
240311 1727432016
1172270 1727432118
753074 1727432139
1164370 1727432152
326360 1727432164
703272 1727432174
416861 1727432197
498405 1727432210
431330 1727432230
197974 1727432249
218712 1727432260
374030 1727432271
67189 1727432278
396721 1727432374
127864 1727432384
494434 1727432412
237091 1727432420
230694 1727432447
708636 1727432460
41635 1727432466
1099627 1727432484
1238123 1727432498
731093 1727432513
541600 1727432519
285652 1727432530
667550 1727432600
376229 1727432625
1139804 1727432643
886727 1727432660
1469927 1727432683
116946 1727432694
873605 1727432713
268320 1727432733
457167 1727432748
384863 1727432770
965073 1727432782
145907 1727432794
641689 1727432809
246157 1727432821
688352 1727432838
322217 1727432857
750824 1727432881
586361 1727432922
355577 1727432933
1406221 1727432944
148501 1727432955
114279 1727432969
1033028 1727432983
329735 1727433050
245295 1727433062
1449329 1727433088
193990 1727433104
183090 1727433120
264995 1727433147
1402773 1727433161
369504 1727433172
1400326 1727433200
340674 1727433222
591211 1727433233
288206 1727433250
222706 1727433265
1500736 1727433282
458234 1727433302
935147 1727433318
197438 1727433330
766561 1727433341
553470 1727433361
708568 1727433373
1260444 1727433403
1361530 1727433420
238626 1727433431
742516 1727433451
410884 1727433462
309673 1727433480
971721 1727433499
1176949 1727433525
948942 1727433538
1441368 1727433571
900956 1727433586
647839 1727433607
623406 1727433618
1384182 1727433642
1322863 1727433656
1239894 1727433683
264829 1727433702
401732 1727433725
66025 1727433732
553798 1727433763
692200 1727433784
323786 1727433809
1154484 1727433821
1067942 1727433836
751211 1727433850
206986 1727433869
131776 1727433884
450518 1727433911
344807 1727433925
584587 1727433938
1077691 1727433963
666295 1727433992
573284 1727434014
519417 1727434028
1078953 1727434048
1134834 1727434071
1371772 1727434087
798133 1727434107
741232 1727434132
429127 1727434141
581244 1727434162
760775 1727434180
578684 1727434194
1185149 1727434214
278510 1727434228
111388 1727434252
421685 1727434266
415602 1727434276
190797 1727434287
310591 1727434303
656826 1727434319
161183 1727434330
430489 1727434356
229634 1727434376
1425028 1727434390
531130 1727434397
780150 1727434415
61123 1727434422
633277 1727434433
1293415 1727434450
660919 1727434465
1167594 1727434485
1339221 1727434504
779915 1727434521
520956 1727434554
198545 1727434567
164045 1727434577
126258 1727434591
272863 1727434609
143220 1727434621
731740 1727434642
389548 1727434668
858967 1727434687
226288 1727434699
1461219 1727434722
1072627 1727434735
603152 1727434749
256751 1727434763
572705 1727434774
529267 1727434785
1083772 1727434807
1479614 1727434825
327344 1727434839
357673 1727434851
932593 1727434867
475813 1727434880
245839 1727434893
1463983 1727434908
1155404 1727434932
430551 1727434942
256527 1727434952
241905 1727435063
637880 1727435096
304323 1727435111
812936 1727435120
458055 1727435135
754178 1727435155
717260 1727435178
66856 1727435185
447071 1727435198
966903 1727435226
140916 1727435236
156659 1727435248
317646 1727435358
1360429 1727435375
1027980 1727435405
272775 1727435424
804193 1727435438
135579 1727435450
418410 1727435465
364574 1727435488
497139 1727435611
243148 1727435632
337621 1727435647
326433 1727435658
430567 1727435673
1072849 1727435693
903291 1727435711
321719 1727435768
346179 1727435788
680487 1727435800
371078 1727435811
1157657 1727435822
1030589 1727435853
1305112 1727435877
634482 1727435894
569790 1727435906
551728 1727435929
811413 1727435951
1444505 1727435977
335741 1727435995
1319186 1727436018
693363 1727436030
1008462 1727436047
335121 1727436059
1464563 1727436079
157904 1727436209
904939 1727436226
906586 1727436239
486074 1727436259
1124062 1727436283
530467 1727436298
1437502 1727436315
520730 1727436332
1306358 1727436371
1297022 1727436399
417691 1727436420
1075486 1727436432
1390918 1727436453
568858 1727436470
997205 1727436486
1061512 1727436499
1473539 1727436521
711373 1727436534
417680 1727436552
777090 1727436567
763187 1727436584
398403 1727436607
230529 1727436621
1440213 1727436638
205120 1727436652
560312 1727436668
283814 1727436687
67274 1727436694
757940 1727436712
874195 1727436723
1459632 1727436734
1467129 1727436748
352929 1727436770
541781 1727436784
151479 1727436792
306120 1727436810
968647 1727436830
64800 1727436837
151897 1727436858
1066706 1727436876
210671 1727436889
374474 1727436900
98391 1727436910
653975 1727436924
516627 1727436948
205669 1727436968
1413204 1727436985
1084676 1727437011
98932 1727437144
956183 1727437160
453770 1727437181
727553 1727437204
1476097 1727437225
109701 1727437237
1016760 1727437253
1190646 1727437271
1461226 1727437284
1501394 1727437302
709175 1727437323
261999 1727437332
616464 1727437353
286171 1727437363
416442 1727437376
1181666 1727437387
303043 1727437412
1278381 1727437435
1289117 1727437450
159089 1727437463
594029 1727437486
1380154 1727437505
633272 1727437527
178199 1727437542
1378460 1727437556
1327270 1727437574
55003 1727437581
423252 1727437593
1264761 1727437620
1224909 1727437644
776204 1727437659
574107 1727437673
809065 1727437719
263432 1727437733
993939 1727437751
296501 1727437779
131017 1727437790
1345029 1727437808
486231 1727437819
1194707 1727437831
1463216 1727437846
757337 1727437881
1388358 1727437901
695131 1727437922
146054 1727437944
417422 1727437964
712743 1727437982
117827 1727438002
627102 1727438015
273334 1727438027
888655 1727438049
1336786 1727438061
484525 1727438083
1316994 1727438099
49710 1727438105
1421566 1727438116
94206 1727438129
291732 1727438146
1174888 1727438165
716382 1727438184
1096401 1727438199
232498 1727438213
1349093 1727438782
29873 1727438794
711417 1727438811
854996 1727438843
536208 1727438857
363626 1727438883
323320 1727438897
1031224 1727438907
67686 1727438913
154355 1727438933
219588 1727438944
147834 1727438955
1039477 1727438972
542059 1727438987
584126 1727438995
266830 1727439009
821497 1727439030
471191 1727439053
616824 1727439128
929538 1727439140
971290 1727439165
340917 1727439181
492390 1727439192
230513 1727439206
385679 1727439227
1297441 1727439243
584607 1727439278
383060 1727439297
614184 1727439324
707445 1727439344
1377501 1727439367
1461507 1727439380
248430 1727439398
447796 1727439413
1489273 1727439437
1316769 1727439469
174746 1727439481
630255 1727439504
1084271 1727439529
809152 1727439550
667624 1727439566
1164152 1727439588
306789 1727439604
240699 1727439620
146097 1727439633
576639 1727439654
661496 1727439679
496196 1727439691
510758 1727439704
450957 1727439716
461093 1727439730
60876 1727439739
1072780 1727439752
205943 1727439763
194542 1727439782
1264625 1727439805
261793 1727439825
486594 1727439903
154924 1727439916
1396839 1727439939
1387381 1727439966
1216457 1727439990
434566 1727440001
1475190 1727440027
41764 1727440035
348872 1727440095
604458 1727440111
54020 1727440119
621721 1727440139
665809 1727440158
686784 1727440164
51144 1727440174
166284 1727440212
658407 1727440226
327528 1727440262
62584 1727440275
872619 1727428410
1220011 1727428573
951094 1727428697
557787 1727428936
1499120 1727429261
620133 1727429324
1000681 1727429464
73623 1727429476
736204 1727429587
1310878 1727429732
374728 1727429789
1199633 1727430091
1392649 1727430445
327881 1727430538
1448950 1727430724
1406735 1727430999
1338877 1727431329
253184 1727431495
583971 1727431784
881555 1727432012
69648 1727432030
73039 1727432048
406623 1727432158
740862 1727432405
182100 1727432513
1467619 1727432689
399733 1727432850
1207304 1727433199
216457 1727433269
742906 1727433457
155854 1727433563
723830 1727433633
492095 1727433790
833967 1727434048
535589 1727434215
306307 1727434396
653745 1727434520
883033 1727434681
534069 1727434838
450027 1727435115
1309900 1727435388
363825 1727435627
157288 1727435681
962331 1727436012
481416 1727436116
1377462 1727436402
365872 1727436699
400333 1727436893
285918 1727436958
746414 1727437142
607448 1727437644
1124157 1727437890
1331324 1727438202
453443 1727438361
639559 1727438634
436017 1727438880
628488 1727439006
1338241 1727439220
892972 1727439539
731485 1727439661
1492580 1727439827
201871 1727439931
356375 1727440068
1365201 1727440316
1421803 ok
328959 ok
1172307 ok
297666 ok
138461 ok
611272 ok
521528 ok
630583 ok
774809 ok
563281 ok
524485 ok
297992 ok
1224369 ok
309728 ok
977287 ok
63909 ok
158008 ok
504249 ok
670488 ok
887933 ok
568396 ok
1167362 ok
1482026 ok
1108247 ok
324231 ok
489342 ok
588694 ok
666640 ok
788955 ok
1410014 ok
633493 ok
526177 ok
1482354 ok
207709 ok
555309 ok
374768 ok
611214 ok
1180952 ok
1218262 ok
1333368 ok
139389 ok
429052 ok
59217 ok
274693 ok
541876 ok
344713 ok
94233 ok
289594 ok
1294450 ok
333928 ok
1095365 ok
724193 ok
775446 ok
711260 ok
381419 ok
929017 ok
325548 ok
457555 ok
977078 ok
1216628 ok
615727 ok
55547 ok
1046930 ok
356381 ok
1471058 ok
478331 ok
1471844 ok
1299269 ok
1294233 ok
333674 ok
345652 ok
269641 ok
277282 ok
293849 ok
325813 ok
393181 ok
318789 ok
90252 ok
116567 ok
394792 ok
94293 ok
151973 ok
382563 ok
1291256 ok
152157 ok
157752 ok
1154620 ok
1075644 ok
1092677 ok
344043 ok
1076713 ok
993813 ok
473086 ok
1310958 ok
353372 ok
635128 ok
864185 ok
706641 ok
557403 ok
513923 ok
1027899 ok
338533 ok
255848 ok
742860 ok
620294 ok
1072538 ok
130869 ok
811387 ok
71188 ok
942901 ok
1250030 ok
279282 ok
274549 ok
69630 ok
1193456 ok
585541 ok
232699 ok
199176 ok
938739 ok
387495 ok
198983 ok
309659 ok
253215 ok
170179 ok
564791 ok
600818 ok
303910 ok
304612 ok
1288883 ok
697080 ok
645180 1727425922
745786 1727425949
1225196 1727425986
161550 1727426014
1295087 1727426038
1304334 1727426071
1359936 1727426092
651020 1727426121
981607 1727426148
1456237 1727426172
1017750 1727426202
1029229 1727426227
1252827 1727426246
1184048 1727426267
629549 1727426300
1408586 1727426322
265998 1727426338
276500 1727426361
556383 1727426391
370733 1727426414
1349022 1727426462
244393 1727426481
1240800 1727426515
219653 1727426538
1465744 1727426577
452899 1727426600
553611 1727426629
1311357 1727426660
1320551 1727426682
470966 1727426706
880371 1727426733
572503 1727426774
496849 1727426791
587401 1727426818
1412829 1727426851
453871 1727426882
219246 1727426911
511637 1727426935
1362283 1727426960
916202 1727427001
187265 1727427024
705849 1727427048
71000 1727427061
577229 1727427082
69658 1727427095
665269 1727427118
1438196 1727427145
587400 1727427174
1116570 1727427217
1502351 1727427245
1472314 1727427266
1505549 1727427297
288184 1727427329
306902 1727427361
1095546 1727427388
293982 1727427408
104532 1727427425
388340 1727427449
60033 1727427463
344837 1727427495
818234 1727427521
718504 1727427553
704963 1727427581
180111 1727427600
569458 1727427618
124646 1727427643
340224 1727427675
365057 1727427696
1459264 1727427726
352119 1727427748
122351 1727427776
1258414 1727427805
1371228 1727427840
900677 1727427862
1075493 1727427909
1315156 1727427945
240011 1727427973
54871 1727427985
1123136 1727428004
750780 1727428035
1366551 1727428074
334874 1727428099
134163 1727428124
871751 1727428151
71037 1727428164
1300325 1727428186
490667 1727428206
280144 1727428234
154368 1727428253
220249 1727428276
201899 1727428296
91371 1727428320
136070 1727428345
1476734 1727428393
572021 1727428584
577008 1727428624
570934 1727428657
1340397 1727428683
1224803 1727428712
611364 1727428730
285010 1727428758
154549 1727428776
424233 1727428796
228618 1727428821
44466 1727428835
286249 1727428853
1477335 1727428899
494209 1727428917
195664 1727428938
46590 1727428951
164306 1727428971
1291618 1727428994
42979 1727429008
337394 1727429039
217966 1727429066
71033 1727429080
541838 1727429102
1086165 1727429162
270916 1727429183
179495 1727429209
743255 1727429250
222718 1727429274
136299 1727429292
929894 1727429322
1386196 1727429361
154499 1727429388
1463184 1727429442
1094941 1727429483
1418358 1727429519
960431 1727429552
1411802 1727429579
184244 1727429599
464618 1727429625
1063184 1727429655
179780 1727429677
1024170 1727429701
302191 1727429732
618115 1727429763
237772 1727429787
1199001 1727429809
337899 1727429839
823699 1727429874
1224119 1727429901
1117198 1727429938
374649 1727429958
559124 1727429971
1185402 1727429984
1241961 1727430010
335475 1727430033
623958 1727430054
1262801 1727430094
129714 1727430123
595215 1727430156
501067 1727430175
127933 1727430195
497204 1727430216
1179669 1727430245
776219 1727430280
673177 1727430316
1348600 1727430348
742775 1727430373
820233 1727430398
283589 1727430430
356443 1727430457
582265 1727430484
322432 1727430518
93757 1727430547
317065 1727430571
1188675 1727430607
619520 1727430646
212458 1727430681
763841 1727430719
215753 1727430743
1297731 1727430774
384444 1727430801
245351 1727430821
1502497 1727430840
1495304 1727430868
936340 1727430901
335415 1727430930
145603 1727430950
492477 1727430974
495546 1727431014
580275 1727431042
295756 1727431068
1391647 1727431096
434180 1727431150
394785 1727431213
1093447 1727431236
469118 1727431879
361957 1727431897
564267 1727431921
602222 1727431950
115522 1727431968
197829 1727431993
1433065 1727432031
366745 1727432052
393898 1727432084
466423 1727432110
806208 1727432143
1424636 1727432180
231042 1727432212
159122 1727432237
1373024 1727432278
1468385 1727432305
62239 1727432319
1330819 1727432347
616859 1727432366
667143 1727432401
323511 1727432421
395288 1727432442
622167 1727432470
733333 1727432505
95534 1727432527
396941 1727432557
1083188 1727432582
1490004 1727432621
1056029 1727432644
361260 1727432663
699930 1727432691
1185934 1727432727
1195126 1727432745
932684 1727432780
315712 1727432805
630250 1727432835
359322 1727432860
1466296 1727432917
198506 1727432945
313358 1727432972
621044 1727433009
391484 1727433046
465752 1727433077
374544 1727433100
766338 1727433124
1446246 1727433159
404076 1727433186
781184 1727433206
649576 1727433229
1501867 1727433252
1371359 1727433299
1295625 1727433331
704389 1727433377
492037 1727433411
100899 1727433431
529954 1727433465
870849 1727433489
310783 1727433509
470029 1727433534
1179699 1727433555
1049448 1727433593
464310 1727433627
1174798 1727433662
296455 1727433689
31224 1727433701
101895 1727433721
899253 1727433757
1271372 1727433789
573796 1727433802
165610 1727433832
235616 1727433849
289299 1727433880
135343 1727433899
1121537 1727433925
104693 1727433944
367284 1727433966
1336558 1727433993
1192160 1727434012
310654 1727434031
612215 1727434051
1417528 1727434090
230531 1727434107
684687 1727434142
1160308 1727434174
1267091 1727434195
1246844 1727434236
406806 1727434269
124975 1727434289
111309 1727434306
504135 1727434341
1178062 1727434375
795843 1727434404
615040 1727434438
466070 1727434471
750197 1727434497
1384183 1727434535
766698 1727434569
1258277 1727434597
1288333 1727434621
157070 1727434639
414501 1727434660
375697 1727434685
1248035 1727434734
151939 1727434755
432490 1727434778
336049 1727434817
1467389 1727434849
1269136 1727434917
1347403 1727434946
343872 1727434977
1308300 1727434998
192756 1727435035
611751 1727435064
654076 1727435096
374282 1727435122
1034934 1727435144
416015 1727435170
1015176 1727435209
828239 1727435242
646378 1727435275
687767 1727435311
175282 1727435335
234319 1727435354
1229208 1727435389
206847 1727435413
1427454 1727435452
357842 1727435473
502114 1727435498
1478991 1727435531
154346 1727435558
389616 1727435609
1489678 1727435650
602293 1727435678
727965 1727435717
866935 1727435752
1412450 1727435790
217839 1727435812
786796 1727435835
629709 1727435861
1319262 1727435908
496378 1727435931
1497877 1727435972
709028 1727436001
151117 1727436021
316905 1727436044
269599 1727436076
1260357 1727436127
1271601 1727436153
1427507 1727436176
590984 1727436215
74645 1727436233
203125 1727436260
711658 1727436291
758959 1727436321
71099 1727436346
256056 1727436385
512677 1727436410
574391 1727436428
1245322 1727436470
539002 1727436494
1228190 1727436518
450032 1727436561
245149 1727436581
1304554 1727436613
582884 1727436640
662251 1727436670
865023 1727436707
1248290 1727436739
1160541 1727436775
1344747 1727436811
751065 1727436828
1318149 1727436879
637059 1727436902
347731 1727436920
469647 1727436969
639854 1727436996
442872 1727437022
809445 1727437042
203859 1727437062
1000432 1727437092
805795 1727437117
308257 1727437153
1130583 1727437176
1350854 1727437221
1093517 1727437278
651692 1727437333
1191495 1727437375
767180 1727437406
404509 1727437448
1293436 1727437489
94684 1727437518
326888 1727437558
329145 1727437578
103555 1727437602
399573 1727437635
1459542 1727437675
315965 1727437732
506442 1727437763
505069 1727437781
1150361 1727437813
339446 1727437832
197410 1727437860
153552 1727437881
606419 1727437902
735445 1727437933
197465 1727437966
1212411 1727438010
485794 1727438041
683645 1727438093
1418942 1727438127
1451414 1727438163
642965 1727438195
662295 1727438233
491159 1727438258
325233 1727438303
354957 1727438344
431581 1727438384
143064 1727438406
339636 1727438431
1302997 1727438471
517525 1727438514
1074440 1727438573
1212451 1727438603
1322043 1727438639
1311444 1727438677
70085 1727438691
297376 1727438730
280897 1727438765
1335285 1727438798
376131 1727438835
720834 1727438861
1128894 1727438895
312052 1727438930
1462587 1727438980
935803 1727439029
303110 1727439060
405734 1727439124
432468 1727439167
156800 1727439228
372867 1727439297
1006926 1727439374
1413098 1727439425
129781 1727439467
824209 1727439519
473361 1727439584
71439 1727439598
722854 1727439632
1002629 1727439672
690412 1727439699
659208 1727439799
501814 1727439833
981496 1727439938
661715 1727440018
340808 1727440149
965949 1727440256
